20
16
16
--positive--
11001001000011111101
10101010001000100001
01101000110000100011
01001100010011000110
01100010100010111000
00001101110000011100
11010001001010010000
00100100111000001000
10001010011001111100
11000111010000000010
00001011101111101010
01100011101100010011
10011011001000100101
00010100101000001000
01111001100011100011
01000000010011011101
--negative--
10101101111110000101
01000101100010100010
10111011010010101001
10101010111111011100
01010110001000000010
01110011110100111100
11110001110110001011
10011100010110000011
11001110001011010011
01101001010110101001
11100001001101100100
00010001010001100100
00110011111110111100
11001001001110011101
11001110001001001001
10110011111011111001
